    0000     0000     0000
    0000     0000     0000
    0000     0000     0000
    0000     0000     0000
    0000     0000     0000
    0000     0000     0000
    0000     0000     0000
    0000     0000     0000
    0001     0001     0000
    0001     0001     0000
    0001     0001     0000
    0001     0001     0000
    0001     0001     0000
    0001     0001     0000
    0001     0001     0000
    0001     0001     0000
    0002     0002     0000
    0002     0002     0000
    0002     0002     0000
    0002     0002     0000
    0002     0002     0000
    0002     0002     0000
    0002     0002     0000
    0002     0002     0000
    0000     0000     0000
    0000     0000     0000
    0000     0000     0000
    0000     0000     0000
    0001     0000     0000
    0001     0000     0000
    0001     0000     0000
    0001     0000     0000
    0001     0001     0000
    0001     0001     0000
    0001     0001     0000
    0001     0001     0000
    0002     0001     0000
    0002     0001     0000
    0002     0001     0000
    0002     0001     0000
    0002     0002     0000
    0002     0002     0000
    0002     0002     0000
    0002     0002     0000
    0003     0002     0000
    0003     0002     0000
    0003     0002     0000
    0003     0002     0000
    0001     0000     0001
    0001     0000     0001
    0001     0000     0001
    0001     0000     0001
    0001     0000     0001
    0001     0000     0001
    0001     0000     0001
    0001     0000     0001
    0002     0001     0001
    0002     0001     0001
    0002     0001     0001
    0002     0001     0001
    0002     0001     0001
    0002     0001     0001
    0002     0001     0001
    0002     0001     0001
    0003     0002     0001
    0003     0002     0001
    0003     0002     0001
    0003     0002     0001
    0003     0002     0001
    0003     0002     0001
    0003     0002     0001
    0003     0002     0001
    0001     0000     0001
    0001     0000     0001
    0001     0000     0001
    0001     0000     0001
    0002     0000     0001
    0002     0000     0001
    0002     0000     0001
    0002     0000     0001
    0002     0001     0001
    0002     0001     0001
    0002     0001     0001
    0002     0001     0001
    0003     0001     0001
    0003     0001     0001
    0003     0001     0001
    0003     0001     0001
    0003     0002     0001
    0003     0002     0001
    0003     0002     0001
    0003     0002     0001
    0004     0002     0001
    0004     0002     0001
    0004     0002     0001
    0004     0002     0001
    0002     0000     0002
    0002     0000     0002
    0002     0000     0002
    0002     0000     0002
    0002     0000     0002
    0002     0000     0002
    0002     0000     0002
    0002     0000     0002
    0003     0001     0002
    0003     0001     0002
    0003     0001     0002
    0003     0001     0002
    0003     0001     0002
    0003     0001     0002
    0003     0001     0002
    0003     0001     0002
    0004     0002     0002
    0004     0002     0002
    0004     0002     0002
    0004     0002     0002
    0004     0002     0002
    0004     0002     0002
    0004     0002     0002
    0004     0002     0002
    0002     0000     0002
    0002     0000     0002
    0002     0000     0002
    0002     0000     0002
    0003     0000     0002
    0003     0000     0002
    0003     0000     0002
    0003     0000     0002
    0003     0001     0002
    0003     0001     0002
    0003     0001     0002
    0003     0001     0002
    0004     0001     0002
    0004     0001     0002
    0004     0001     0002
    0004     0001     0002
    0004     0002     0002
    0004     0002     0002
    0004     0002     0002
    0004     0002     0002
    0005     0002     0002
    0005     0002     0002
    0005     0002     0002
    0005     0002     0002
    0000     0000     0000
    0000     0000     0000
    0000     0000     0000
    0000     0000     0000
    0000     0001     0000
    0000     0001     0000
    0000     0001     0000
    0000     0001     0000
    0001     0001     0000
    0001     0001     0000
    0001     0001     0000
    0001     0001     0000
    0001     0002     0000
    0001     0002     0000
    0001     0002     0000
    0001     0002     0000
    0002     0002     0000
    0002     0002     0000
    0002     0002     0000
    0002     0002     0000
    0002     0003     0000
    0002     0003     0000
    0002     0003     0000
    0002     0003     0000
    0000     0000     0001
    0000     0000     0001
    0000     0000     0001
    0000     0000     0001
    0001     0001     0001
    0001     0001     0001
    0001     0001     0001
    0001     0001     0001
    0001     0001     0001
    0001     0001     0001
    0001     0001     0001
    0001     0001     0001
    0002     0002     0001
    0002     0002     0001
    0002     0002     0001
    0002     0002     0001
    0002     0002     0001
    0002     0002     0001
    0002     0002     0001
    0002     0002     0001
    0003     0003     0001
    0003     0003     0001
    0003     0003     0001
    0003     0003     0001
    0001     0000     0001
    0001     0000     0001
    0001     0000     0001
    0001     0000     0001
    0001     0001     0001
    0001     0001     0001
    0001     0001     0001
    0001     0001     0001
    0002     0001     0001
    0002     0001     0001
    0002     0001     0001
    0002     0001     0001
    0002     0002     0001
    0002     0002     0001
    0002     0002     0001
    0002     0002     0001
    0003     0002     0001
    0003     0002     0001
    0003     0002     0001
    0003     0002     0001
    0003     0003     0001
    0003     0003     0001
    0003     0003     0001
    0003     0003     0001
    0001     0000     0002
    0001     0000     0002
    0001     0000     0002
    0001     0000     0002
    0002     0001     0002
    0002     0001     0002
    0002     0001     0002
    0002     0001     0002
    0002     0001     0002
    0002     0001     0002
    0002     0001     0002
    0002     0001     0002
    0003     0002     0002
    0003     0002     0002
    0003     0002     0002
    0003     0002     0002
    0003     0002     0002
    0003     0002     0002
    0003     0002     0002
    0003     0002     0002
    0004     0003     0002
    0004     0003     0002
    0004     0003     0002
    0004     0003     0002
    0002     0000     0002
    0002     0000     0002
    0002     0000     0002
    0002     0000     0002
    0002     0001     0002
    0002     0001     0002
    0002     0001     0002
    0002     0001     0002
    0003     0001     0002
    0003     0001     0002
    0003     0001     0002
    0003     0001     0002
    0003     0002     0002
    0003     0002     0002
    0003     0002     0002
    0003     0002     0002
    0004     0002     0002
    0004     0002     0002
    0004     0002     0002
    0004     0002     0002
    0004     0003     0002
    0004     0003     0002
    0004     0003     0002
    0004     0003     0002
    0002     0000     0003
    0002     0000     0003
    0002     0000     0003
    0002     0000     0003
    0003     0001     0003
    0003     0001     0003
    0003     0001     0003
    0003     0001     0003
    0003     0001     0003
    0003     0001     0003
    0003     0001     0003
    0003     0001     0003
    0004     0002     0003
    0004     0002     0003
    0004     0002     0003
    0004     0002     0003
    0004     0002     0003
    0004     0002     0003
    0004     0002     0003
    0004     0002     0003
    0005     0003     0003
    0005     0003     0003
    0005     0003     0003
    0005     0003     0003
    0000     0001     0001
    0000     0001     0001
    0000     0001     0001
    0000     0001     0001
    0000     0001     0001
    0000     0001     0001
    0000     0001     0001
    0000     0001     0001
    0001     0002     0001
    0001     0002     0001
    0001     0002     0001
    0001     0002     0001
    0001     0002     0001
    0001     0002     0001
    0001     0002     0001
    0001     0002     0001
    0002     0003     0001
    0002     0003     0001
    0002     0003     0001
    0002     0003     0001
    0002     0003     0001
    0002     0003     0001
    0002     0003     0001
    0002     0003     0001
    0000     0001     0001
    0000     0001     0001
    0000     0001     0001
    0000     0001     0001
    0001     0001     0001
    0001     0001     0001
    0001     0001     0001
    0001     0001     0001
    0001     0002     0001
    0001     0002     0001
    0001     0002     0001
    0001     0002     0001
    0002     0002     0001
    0002     0002     0001
    0002     0002     0001
    0002     0002     0001
    0002     0003     0001
    0002     0003     0001
    0002     0003     0001
    0002     0003     0001
    0003     0003     0001
    0003     0003     0001
    0003     0003     0001
    0003     0003     0001
    0001     0001     0002
    0001     0001     0002
    0001     0001     0002
    0001     0001     0002
    0001     0001     0002
    0001     0001     0002
    0001     0001     0002
    0001     0001     0002
    0002     0002     0002
    0002     0002     0002
    0002     0002     0002
    0002     0002     0002
    0002     0002     0002
    0002     0002     0002
    0002     0002     0002
    0002     0002     0002
    0003     0003     0002
    0003     0003     0002
    0003     0003     0002
    0003     0003     0002
    0003     0003     0002
    0003     0003     0002
    0003     0003     0002
    0003     0003     0002
    0001     0001     0002
    0001     0001     0002
    0001     0001     0002
    0001     0001     0002
    0002     0001     0002
    0002     0001     0002
    0002     0001     0002
    0002     0001     0002
    0002     0002     0002
    0002     0002     0002
    0002     0002     0002
    0002     0002     0002
    0003     0002     0002
    0003     0002     0002
    0003     0002     0002
    0003     0002     0002
    0003     0003     0002
    0003     0003     0002
    0003     0003     0002
    0003     0003     0002
    0004     0003     0002
    0004     0003     0002
    0004     0003     0002
    0004     0003     0002
    0002     0001     0003
    0002     0001     0003
    0002     0001     0003
    0002     0001     0003
    0002     0001     0003
    0002     0001     0003
    0002     0001     0003
    0002     0001     0003
    0003     0002     0003
    0003     0002     0003
    0003     0002     0003
    0003     0002     0003
    0003     0002     0003
    0003     0002     0003
    0003     0002     0003
    0003     0002     0003
    0004     0003     0003
    0004     0003     0003
    0004     0003     0003
    0004     0003     0003
    0004     0003     0003
    0004     0003     0003
    0004     0003     0003
    0004     0003     0003
    0002     0001     0003
    0002     0001     0003
    0002     0001     0003
    0002     0001     0003
    0003     0001     0003
    0003     0001     0003
    0003     0001     0003
    0003     0001     0003
    0003     0002     0003
    0003     0002     0003
    0003     0002     0003
    0003     0002     0003
    0004     0002     0003
    0004     0002     0003
    0004     0002     0003
    0004     0002     0003
    0004     0003     0003
    0004     0003     0003
    0004     0003     0003
    0004     0003     0003
    0005     0003     0003
    0005     0003     0003
    0005     0003     0003
    0005     0003     0003
    0000     0001     0001
    0000     0001     0001
    0000     0001     0001
    0000     0001     0001
    0000     0002     0001
    0000     0002     0001
    0000     0002     0001
    0000     0002     0001
    0001     0002     0001
    0001     0002     0001
    0001     0002     0001
    0001     0002     0001
    0001     0003     0001
    0001     0003     0001
    0001     0003     0001
    0001     0003     0001
    0002     0003     0001
    0002     0003     0001
    0002     0003     0001
    0002     0003     0001
    0002     0004     0001
    0002     0004     0001
    0002     0004     0001
    0002     0004     0001
    0000     0001     0002
    0000     0001     0002
    0000     0001     0002
    0000     0001     0002
    0001     0002     0002
    0001     0002     0002
    0001     0002     0002
    0001     0002     0002
    0001     0002     0002
    0001     0002     0002
    0001     0002     0002
    0001     0002     0002
    0002     0003     0002
    0002     0003     0002
    0002     0003     0002
    0002     0003     0002
    0002     0003     0002
    0002     0003     0002
    0002     0003     0002
    0002     0003     0002
    0003     0004     0002
    0003     0004     0002
    0003     0004     0002
    0003     0004     0002
    0001     0001     0002
    0001     0001     0002
    0001     0001     0002
    0001     0001     0002
    0001     0002     0002
    0001     0002     0002
    0001     0002     0002
    0001     0002     0002
    0002     0002     0002
    0002     0002     0002
    0002     0002     0002
    0002     0002     0002
    0002     0003     0002
    0002     0003     0002
    0002     0003     0002
    0002     0003     0002
    0003     0003     0002
    0003     0003     0002
    0003     0003     0002
    0003     0003     0002
